13
CP000309.1    0.00000000 0.00012956 0.04638504 0.05142126 0.49288834 0.72956560 0.37426581 0.13047190 0.00014025 0.00005394 0.00032363 0.00024584 0.00022411 
CP000306.1    0.00012956 0.00000000 0.04720850 0.05362781 0.49894758 0.73248393 0.38054125 0.13102799 0.00013785 0.00007422 0.00031078 0.00008613 0.00024128 
AE017045.1    0.04638504 0.04720850 0.00000000 0.00023642 0.49721069 0.72784099 0.51148106 0.00743418 0.04539796 0.04530235 0.10736511 0.00034660 0.12497215 
NC_017266.1   0.05142126 0.05362781 0.00023642 0.00000000 0.49308000 0.72985838 0.50811063 0.01273598 0.05143581 0.05136562 0.11890340 0.00015620 0.14456925 
NZ_CP016275.1 0.49288834 0.49894758 0.49721069 0.49308000 0.00000000 0.00641064 0.00000038 0.75507269 0.49900526 0.49900500 0.38105803 0.71501009 0.51726975 
NZ_CP045637.1 0.72956560 0.73248393 0.72784099 0.72985838 0.00641064 0.00000000 0.00007845 0.73226668 0.73243670 0.73234316 0.46766509 0.70334960 0.81814049 
NC_009596.1   0.37426581 0.38054125 0.51148106 0.50811063 0.00000038 0.00007845 0.00000000 0.76711031 0.38065888 0.38064152 0.35447579 0.72191687 0.38896710 
NC_003134.1   0.13047190 0.13102799 0.00743418 0.01273598 0.75507269 0.73226668 0.76711031 0.00000000 0.12723906 0.12717016 0.14472181 0.00010765 0.23286358 
NC_017155.1   0.00014025 0.00013785 0.04539796 0.05143581 0.49900526 0.73243670 0.38065888 0.12723906 0.00000000 0.00008476 0.00034203 0.00017226 0.00021971 
NC_014022.1   0.00005394 0.00007422 0.04530235 0.05136562 0.49900500 0.73234316 0.38064152 0.12717016 0.00008476 0.00000000 0.00025333 0.00012919 0.00015005 
CP010248.1    0.00032363 0.00031078 0.10736511 0.11890340 0.38105803 0.46766509 0.35447579 0.14472181 0.00034203 0.00025333 0.00000000 0.11290672 0.00007005 
CP045159.1    0.00024584 0.00008613 0.00034660 0.00015620 0.71501009 0.70334960 0.72191687 0.00010765 0.00017226 0.00012919 0.11290672 0.00000000 0.00030926 
CP009714.1    0.00022411 0.00024128 0.12497215 0.14456925 0.51726975 0.81814049 0.38896710 0.23286358 0.00021971 0.00015005 0.00007005 0.00030926 0.00000000 
